xof 0303txt 0032
template Frame {
 <3d82ab46-62da-11cf-ab39-0020af71e433>
 [...]
}

template Matrix4x4 {
 <f6f23f45-7686-11cf-8f52-0040333594a3>
 array FLOAT matrix[16];
}

template FrameTransformMatrix {
 <f6f23f41-7686-11cf-8f52-0040333594a3>
 Matrix4x4 frameMatrix;
}

template ObjectMatrixComment {
 <95a48e28-7ef4-4419-a16a-ba9dbdf0d2bc>
 Matrix4x4 objectMatrix;
}

template Vector {
 <3d82ab5e-62da-11cf-ab39-0020af71e433>
 FLOAT x;
 FLOAT y;
 FLOAT z;
}

template MeshFace {
 <3d82ab5f-62da-11cf-ab39-0020af71e433>
 DWORD nFaceVertexIndices;
 array DWORD faceVertexIndices[nFaceVertexIndices];
}

template Mesh {
 <3d82ab44-62da-11cf-ab39-0020af71e433>
 DWORD nVertices;
 array Vector vertices[nVertices];
 DWORD nFaces;
 array MeshFace faces[nFaces];
 [...]
}

template MeshNormals {
 <f6f23f43-7686-11cf-8f52-0040333594a3>
 DWORD nNormals;
 array Vector normals[nNormals];
 DWORD nFaceNormals;
 array MeshFace faceNormals[nFaceNormals];
}

template Coords2d {
 <f6f23f44-7686-11cf-8f52-0040333594a3>
 FLOAT u;
 FLOAT v;
}

template MeshTextureCoords {
 <f6f23f40-7686-11cf-8f52-0040333594a3>
 DWORD nTextureCoords;
 array Coords2d textureCoords[nTextureCoords];
}

template XSkinMeshHeader {
 <3cf169ce-ff7c-44ab-93c0-f78f62d172e2>
 WORD nMaxSkinWeightsPerVertex;
 WORD nMaxSkinWeightsPerFace;
 WORD nBones;
}

template SkinWeights {
 <6f0d123b-bad2-4167-a0d0-80224f25fabb>
 STRING transformNodeName;
 DWORD nWeights;
 array DWORD vertexIndices[nWeights];
 array FLOAT weights[nWeights];
 Matrix4x4 matrixOffset;
}

template ColorRGBA {
 <35ff44e0-6c7c-11cf-8f52-0040333594a3>
 FLOAT red;
 FLOAT green;
 FLOAT blue;
 FLOAT alpha;
}

template ColorRGB {
 <d3e16e81-7835-11cf-8f52-0040333594a3>
 FLOAT red;
 FLOAT green;
 FLOAT blue;
}

template Material {
 <3d82ab4d-62da-11cf-ab39-0020af71e433>
 ColorRGBA faceColor;
 FLOAT power;
 ColorRGB specularColor;
 ColorRGB emissiveColor;
 [...]
}

template MeshMaterialList {
 <f6f23f42-7686-11cf-8f52-0040333594a3>
 DWORD nMaterials;
 DWORD nFaceIndexes;
 array DWORD faceIndexes[nFaceIndexes];
 [Material <3d82ab4d-62da-11cf-ab39-0020af71e433>]
}

template TextureFilename {
 <a42790e1-7810-11cf-8f52-0040333594a3>
 STRING filename;
}

template AnimTicksPerSecond {
 <9e415a43-7ba6-4a73-8743-b73d47e88476>
 DWORD AnimTicksPerSecond;
}

template Animation {
 <3d82ab4f-62da-11cf-ab39-0020af71e433>
 [...]
}

template AnimationSet {
 <3d82ab50-62da-11cf-ab39-0020af71e433>
 [Animation <3d82ab4f-62da-11cf-ab39-0020af71e433>]
}

template FloatKeys {
 <10dd46a9-775b-11cf-8f52-0040333594a3>
 DWORD nValues;
 array FLOAT values[nValues];
}

template TimedFloatKeys {
 <f406b180-7b3b-11cf-8f52-0040333594a3>
 DWORD time;
 FloatKeys tfkeys;
}

template AnimationKey {
 <10dd46a8-775b-11cf-8f52-0040333594a3>
 DWORD keyType;
 DWORD nKeys;
 array TimedFloatKeys keys[nKeys];
}


Frame Kano2_Kano {
 

 FrameTransformMatrix relative {
  0.023067,0.000000,0.000000,0.000000,0.000000,0.000000,0.023067,0.000000,0.000000,-0.023067,0.000000,0.000000,-0.096072,0.010611,-0.258647,1.000000;;
 }

 ObjectMatrixComment object {
  1.000000,0.000000,0.000000,0.000000,0.000000,1.000000,0.000000,0.000000,0.000000,0.000000,1.000000,0.000000,-0.000000,0.000000,-0.000000,1.000000;;
 }

 Frame Kano2_MasterController_grp {
  

  FrameTransformMatrix relative {
   1.000000,0.000000,0.000000,0.000000,0.000000,1.000000,0.000000,0.000000,0.000000,0.000000,1.000000,0.000000,-0.000000,0.000000,-0.000000,1.000000;;
  }

  ObjectMatrixComment object {
   1.000000,0.000000,0.000000,0.000000,0.000000,1.000000,0.000000,0.000000,0.000000,0.000000,1.000000,0.000000,-0.000000,0.000000,-0.000000,1.000000;;
  }

  Frame Kano2_SkinningJoints {
   

   FrameTransformMatrix relative {
    1.000000,0.000000,0.000000,0.000000,0.000000,1.000000,0.000000,0.000000,0.000000,0.000000,1.000000,0.000000,-0.000000,0.000000,-0.000000,1.000000;;
   }

   ObjectMatrixComment object {
    1.000000,0.000000,0.000000,0.000000,0.000000,1.000000,0.000000,0.000000,0.000000,0.000000,1.000000,0.000000,-0.000000,0.000000,-0.000000,1.000000;;
   }

   Frame Kano2_Root_bind {
    

    FrameTransformMatrix relative {
     0.000000,0.000000,-1.000000,0.000000,0.000000,1.000000,0.000000,0.000000,1.000000,-0.000000,0.000000,0.000000,-0.000000,6.109585,-92.550592,1.000000;;
    }

    ObjectMatrixComment object {
     1.000000,0.000000,0.000000,0.000000,0.000000,1.000000,0.000000,0.000000,-0.000000,0.000000,1.000000,0.000000,0.000015,-0.000000,0.000000,1.000000;;
    }

    Frame Kano2_Abs_bind {
     

     FrameTransformMatrix relative {
      0.978558,-0.205957,-0.002500,0.000000,0.001686,-0.004126,0.999990,0.000000,-0.205965,-0.978552,-0.003690,0.000000,4.798088,0.000005,0.000000,1.000000;;
     }

     ObjectMatrixComment object {
      1.000000,-0.000000,0.000000,0.000000,0.000000,1.000000,0.000000,0.000000,0.000000,-0.000000,1.000000,0.000000,-0.000008,-0.000001,0.000000,1.000000;;
     }

     Frame Kano2_Chest_bind {
      

      FrameTransformMatrix relative {
       0.974743,-0.000000,0.223331,0.000000,0.000000,1.000000,0.000000,0.000000,-0.223331,-0.000000,0.974743,0.000000,7.194496,-0.000001,-0.000001,1.000000;;
      }

      ObjectMatrixComment object {
       1.000000,-0.000000,-0.000000,0.000000,-0.000000,1.000000,-0.000000,0.000000,0.000000,-0.000000,1.000000,0.000000,0.000000,-0.000000,-0.000004,1.000000;;
      }

      Frame Kano2_NeckBase_bind {
       

       FrameTransformMatrix relative {
        0.876283,0.000000,-0.481797,0.000000,0.000000,-1.000000,0.000000,0.000000,-0.481797,-0.000000,-0.876283,0.000000,19.308662,0.000000,-0.000004,1.000000;;
       }

       ObjectMatrixComment object {
        1.000000,0.000000,0.000000,0.000000,0.000000,1.000000,-0.000000,0.000000,0.000000,-0.000000,1.000000,0.000000,0.000000,0.000000,0.000002,1.000000;;
       }

       Frame Kano2_Neck_bind {
        

        FrameTransformMatrix relative {
         0.995045,0.000000,-0.099429,0.000000,0.000000,1.000000,-0.000000,0.000000,0.099429,-0.000000,0.995045,0.000000,2.671570,-0.000003,-0.000002,1.000000;;
        }

        ObjectMatrixComment object {
         1.000000,-0.000000,0.000000,0.000000,-0.000000,1.000000,-0.000000,0.000000,0.000000,0.000000,1.000000,0.000000,0.000023,0.000000,0.000003,1.000000;;
        }

        Frame Kano2_Head_bind {
         

         FrameTransformMatrix relative {
          0.986880,0.000000,-0.161455,0.000000,-0.000000,1.000000,-0.000000,0.000000,0.161455,-0.000000,0.986880,0.000000,5.520943,0.000000,0.000001,1.000000;;
         }

         ObjectMatrixComment object {
          1.000000,0.000000,0.000000,0.000000,-0.000000,1.000000,-0.000000,0.000000,0.000000,-0.000000,1.000000,0.000000,0.000015,0.000000,0.000004,1.000000;;
         }

         Frame Kano2_HeadTop_bind {
          

          FrameTransformMatrix relative {
           1.000000,0.000000,0.000000,0.000000,-0.000000,1.000000,-0.000000,0.000000,0.000000,-0.000000,1.000000,0.000000,23.959610,-0.000002,0.000002,1.000000;;
          }

          ObjectMatrixComment object {
           1.000000,0.000000,0.000000,0.000000,-0.000000,1.000000,-0.000000,0.000000,0.000000,-0.000000,1.000000,0.000000,0.000000,-0.000000,0.000002,1.000000;;
          }

          Frame Kano2_CatPawsA_L_bind {
           

           FrameTransformMatrix relative {
            -0.924627,0.082403,-0.371853,0.000000,-0.148432,-0.977084,0.152559,0.000000,-0.350760,0.196255,0.915670,0.000000,-19.709168,-11.816582,0.124407,1.000000;;
           }

           ObjectMatrixComment object {
            1.000000,-0.000000,0.000000,0.000000,0.000000,1.000000,0.000000,0.000000,-0.000000,-0.000000,1.000000,0.000000,0.000000,0.000002,0.000004,1.000000;;
           }

           Frame Kano2_CatPawsB_L_bind {
            

            FrameTransformMatrix relative {
             0.656816,0.727685,0.197654,0.000000,-0.753860,0.627793,0.193830,0.000000,0.016961,-0.276315,0.960917,0.000000,5.897949,-0.000002,0.000019,1.000000;;
            }

            ObjectMatrixComment object {
             1.000000,0.000000,0.000000,0.000000,0.000000,1.000000,0.000000,0.000000,0.000000,-0.000000,1.000000,0.000000,-0.000008,0.000000,0.000004,1.000000;;
            }

            Frame Kano2_CatPawsC_L_end {
             

             FrameTransformMatrix relative {
              1.000000,0.000000,0.000000,0.000000,0.000000,1.000000,0.000000,0.000000,0.000000,-0.000000,1.000000,0.000000,10.677048,-0.000008,-0.000004,1.000000;;
             }

             ObjectMatrixComment object {
              1.000000,0.000000,0.000000,0.000000,0.000000,1.000000,0.000000,0.000000,0.000000,-0.000000,1.000000,0.000000,-0.000008,0.000008,0.000000,1.000000;;
             }
            }
           }
          }

          Frame Kano2_PonyTailA_L_bind {
           

           FrameTransformMatrix relative {
            -0.666859,-0.032367,0.744480,0.000000,-0.004088,0.999200,0.039780,0.000000,-0.745172,0.023485,-0.666458,0.000000,-25.965912,-6.068000,-4.881237,1.000000;;
           }

           ObjectMatrixComment object {
            1.000000,-0.000000,-0.000000,0.000000,0.000000,1.000000,0.000000,0.000000,0.000000,0.000000,1.000000,0.000000,0.000008,0.000000,0.000008,1.000000;;
           }

           Frame Kano2_PonyTailB_L_bind {
            

            FrameTransformMatrix relative {
             0.942164,0.261065,0.210173,0.000000,-0.254802,0.965321,-0.056840,0.000000,-0.217723,0.000000,0.976011,0.000000,8.513298,0.000000,-0.000008,1.000000;;
            }

            ObjectMatrixComment object {
             1.000000,0.000000,0.000000,0.000000,0.000000,1.000000,-0.000000,0.000000,0.000000,0.000000,1.000000,0.000000,0.000000,0.000002,0.000000,1.000000;;
            }

            Frame Kano2_PonyTailC_L_end {
             

             FrameTransformMatrix relative {
              -0.235296,-0.940136,0.246538,0.000000,0.649090,-0.340801,-0.680101,0.000000,0.723407,0.000000,0.690422,0.000000,11.122902,0.000000,0.000015,1.000000;;
             }

             ObjectMatrixComment object {
              1.000000,0.000000,-0.000000,0.000000,0.000000,1.000000,0.000000,0.000000,-0.000000,-0.000000,1.000000,0.000000,0.000002,-0.000000,0.000015,1.000000;;
             }
            }
           }
          }

          Frame Kano2_CatEarsA_L_bind {
           

           FrameTransformMatrix relative {
            0.973063,-0.207725,0.099998,0.000000,-0.102228,0.000000,0.994761,0.000000,-0.206637,-0.978187,-0.021235,0.000000,-0.518311,-7.544070,4.116364,1.000000;;
           }

           ObjectMatrixComment object {
            1.000000,0.000000,-0.000000,0.000000,0.000000,1.000000,0.000000,0.000000,-0.000000,0.000000,1.000000,0.000000,0.000015,0.000002,0.000002,1.000000;;
           }

           Frame Kano2_CatEarsB_L_end {
            

            FrameTransformMatrix relative {
             1.000000,0.000000,-0.000000,0.000000,0.000000,1.000000,0.000000,0.000000,-0.000000,0.000000,1.000000,0.000000,5.750839,-0.000002,0.000008,1.000000;;
            }

            ObjectMatrixComment object {
             1.000000,0.000000,-0.000000,0.000000,0.000000,1.000000,0.000000,0.000000,-0.000000,0.000000,1.000000,0.000000,0.000000,-0.000002,-0.000004,1.000000;;
            }
           }
          }

          Frame Kano2_PonyTailA_R_bind {
           

           FrameTransformMatrix relative {
            0.666859,-0.032367,-0.744480,0.000000,0.004088,0.999200,-0.039780,0.000000,0.745173,0.023485,0.666458,0.000000,-25.965546,6.068008,-4.881199,1.000000;;
           }

           ObjectMatrixComment object {
            1.000000,0.000000,0.000000,0.000000,-0.000000,1.000000,0.000000,0.000000,0.000000,-0.000000,1.000000,0.000000,0.000000,0.000000,0.000000,1.000000;;
           }

           Frame Kano2_PonyTailB_R_bind {
            

            FrameTransformMatrix relative {
             0.942164,0.261065,0.210173,0.000000,-0.254802,0.965321,-0.056840,0.000000,-0.217723,-0.000000,0.976011,0.000000,-8.513588,-0.000007,-0.000404,1.000000;;
            }

            ObjectMatrixComment object {
             1.000000,0.000000,0.000000,0.000000,-0.000000,1.000000,0.000000,0.000000,0.000000,0.000000,1.000000,0.000000,0.000000,-0.000001,0.000008,1.000000;;
            }

            Frame Kano2_PonyTailC_R_end {
             

             FrameTransformMatrix relative {
              -0.235296,-0.940136,0.246538,0.000000,0.649090,-0.340801,-0.680101,0.000000,0.723407,-0.000000,0.690421,0.000000,-11.122620,-0.000068,0.000252,1.000000;;
             }

             ObjectMatrixComment object {
              1.000000,-0.000000,0.000000,0.000000,0.000000,1.000000,0.000000,0.000000,-0.000000,0.000000,1.000000,0.000000,-0.000003,0.000000,-0.000008,1.000000;;
             }
            }
           }
          }

          Frame Kano2_CatPawsA_R_bind {
           

           FrameTransformMatrix relative {
            0.924627,0.082403,0.371853,0.000000,0.148433,-0.977084,-0.152559,0.000000,0.350761,0.196255,-0.915670,0.000000,-19.709518,11.816601,0.124369,1.000000;;
           }

           ObjectMatrixComment object {
            1.000000,-0.000000,0.000000,0.000000,0.000000,1.000000,-0.000000,0.000000,0.000000,-0.000000,1.000000,0.000000,0.000015,-0.000002,-0.000004,1.000000;;
           }

           Frame Kano2_CatPawsB_R_bind {
            

            FrameTransformMatrix relative {
             0.656816,0.727685,0.197654,0.000000,-0.753860,0.627794,0.193830,0.000000,0.016961,-0.276315,0.960917,0.000000,-5.897904,0.000004,0.000011,1.000000;;
            }

            ObjectMatrixComment object {
             1.000000,-0.000000,-0.000000,0.000000,-0.000000,1.000000,-0.000000,0.000000,0.000000,0.000000,1.000000,0.000000,0.000008,0.000000,0.000000,1.000000;;
            }

            Frame Kano2_CatPawsC_R_end {
             

             FrameTransformMatrix relative {
              1.000000,-0.000000,-0.000000,0.000000,-0.000000,1.000000,-0.000000,0.000000,0.000000,0.000000,1.000000,0.000000,-10.676475,-0.000389,0.000141,1.000000;;
             }

             ObjectMatrixComment object {
              1.000000,-0.000000,-0.000000,0.000000,-0.000000,1.000000,-0.000000,0.000000,0.000000,0.000000,1.000000,0.000000,0.000000,0.000000,0.000008,1.000000;;
             }
            }
           }
          }

          Frame Kano2_CatEarsA_R_bind {
           

           FrameTransformMatrix relative {
            -0.973062,-0.207725,-0.099999,0.000000,0.102229,0.000000,-0.994761,0.000000,0.206637,-0.978187,0.021235,0.000000,-0.518066,7.544067,4.116387,1.000000;;
           }

           ObjectMatrixComment object {
            1.000000,0.000000,-0.000000,0.000000,0.000000,1.000000,0.000000,0.000000,-0.000000,0.000000,1.000000,0.000000,0.000000,0.000000,0.000000,1.000000;;
           }

           Frame Kano2_CatEarsB_R_end {
            

            FrameTransformMatrix relative {
             1.000000,0.000000,-0.000000,0.000000,0.000000,1.000000,0.000000,0.000000,-0.000000,0.000000,1.000000,0.000000,-5.750366,0.000000,-0.000071,1.000000;;
            }

            ObjectMatrixComment object {
             1.000000,0.000000,-0.000000,0.000000,0.000000,1.000000,0.000000,0.000000,-0.000000,0.000000,1.000000,0.000000,0.000000,0.000002,0.000000,1.000000;;
            }
           }
          }

          Frame Kano2_FringeA_R_bind {
           

           FrameTransformMatrix relative {
            -0.951264,0.305619,-0.041144,0.000000,-0.158399,-0.598726,-0.785135,0.000000,-0.264586,-0.740354,0.617956,0.000000,-12.115006,6.218939,12.009693,1.000000;;
           }

           ObjectMatrixComment object {
            1.000000,-0.000000,-0.000000,0.000000,0.000000,1.000000,0.000000,0.000000,0.000000,-0.000000,1.000000,0.000000,0.000000,-0.000004,0.000006,1.000000;;
           }

           Frame Kano2_FringeB_R_end {
            

            FrameTransformMatrix relative {
             1.000000,-0.000000,-0.000000,0.000000,0.000000,1.000000,0.000000,0.000000,0.000000,-0.000000,1.000000,0.000000,7.208077,-0.000019,0.000002,1.000000;;
            }

            ObjectMatrixComment object {
             1.000000,-0.000000,-0.000000,0.000000,0.000000,1.000000,0.000000,0.000000,0.000000,-0.000000,1.000000,0.000000,0.000000,0.000000,-0.000004,1.000000;;
            }
           }
          }

          Frame Kano2_FringeA_bind {
           

           FrameTransformMatrix relative {
            -0.990565,0.135267,-0.022005,0.000000,0.023678,0.010771,-0.999662,0.000000,-0.134984,-0.990751,-0.013872,0.000000,-11.054702,-1.453403,13.842867,1.000000;;
           }

           ObjectMatrixComment object {
            1.000000,0.000000,-0.000000,0.000000,0.000000,1.000000,-0.000000,0.000000,0.000000,0.000000,1.000000,0.000000,0.000000,-0.000004,0.000000,1.000000;;
           }

           Frame Kano2_FringeB_end {
            

            FrameTransformMatrix relative {
             1.000000,0.000000,-0.000000,0.000000,0.000000,1.000000,-0.000000,0.000000,0.000000,0.000000,1.000000,0.000000,9.137024,-0.000004,0.000008,1.000000;;
            }

            ObjectMatrixComment object {
             1.000000,0.000000,-0.000000,0.000000,0.000000,1.000000,-0.000000,0.000000,0.000000,0.000000,1.000000,0.000000,0.000000,-0.000002,-0.000002,1.000000;;
            }
           }
          }

          Frame Kano2_FringeA_L_bind {
           

           FrameTransformMatrix relative {
            -0.930163,-0.360908,-0.067399,0.000000,-0.272953,0.802546,-0.530486,0.000000,0.245547,-0.475042,-0.845010,0.000000,-12.080094,-7.465540,11.327810,1.000000;;
           }

           ObjectMatrixComment object {
            1.000000,0.000000,0.000000,0.000000,0.000000,1.000000,-0.000000,0.000000,0.000000,0.000000,1.000000,0.000000,0.000000,0.000004,-0.000002,1.000000;;
           }

           Frame Kano2_FringeB_L_end {
            

            FrameTransformMatrix relative {
             1.000000,0.000000,0.000000,0.000000,0.000000,1.000000,-0.000000,0.000000,0.000000,0.000000,1.000000,0.000000,6.961594,-0.000008,0.000008,1.000000;;
            }

            ObjectMatrixComment object {
             1.000000,0.000000,0.000000,0.000000,0.000000,1.000000,-0.000000,0.000000,0.000000,0.000000,1.000000,0.000000,0.000000,0.000004,0.000000,1.000000;;
            }
           }
          }

          Frame Kano2_sideBangA_L_bind {
           

           FrameTransformMatrix relative {
            -0.848274,0.485831,0.210711,0.000000,0.360145,0.820977,-0.443048,0.000000,-0.388235,-0.299940,-0.871384,0.000000,-20.986298,-10.629924,4.417288,1.000000;;
           }

           ObjectMatrixComment object {
            1.000000,0.000000,0.000000,0.000000,-0.000000,1.000000,-0.000000,0.000000,0.000000,0.000000,1.000000,0.000000,0.000008,-0.000008,-0.000008,1.000000;;
           }

           Frame Kano2_sideBangB_R_end {
            

            FrameTransformMatrix relative {
             -0.485831,-0.520717,0.702013,0.000000,0.296324,-0.853729,-0.428180,0.000000,0.822290,-0.000000,0.569069,0.000000,10.456024,-0.000011,-0.000004,1.000000;;
            }

            ObjectMatrixComment object {
             1.000000,0.000000,0.000000,0.000000,0.000000,1.000000,0.000000,0.000000,-0.000000,0.000000,1.000000,0.000000,0.000003,0.000000,-0.000008,1.000000;;
            }
           }
          }

          Frame Kano2_sideBangA_R_bind {
           

           FrameTransformMatrix relative {
            0.848274,0.485831,-0.210711,0.000000,-0.360145,0.820977,0.443048,0.000000,0.388236,-0.299940,0.871383,0.000000,-20.985962,10.629904,4.417306,1.000000;;
           }

           ObjectMatrixComment object {
            1.000000,0.000000,0.000000,0.000000,0.000000,1.000000,0.000000,0.000000,-0.000000,0.000000,1.000000,0.000000,0.000008,0.000008,-0.000004,1.000000;;
           }

           Frame Kano2_sideBangB_L_end {
            

            FrameTransformMatrix relative {
             -0.485831,-0.520717,0.702013,0.000000,0.296324,-0.853729,-0.428181,0.000000,0.822290,-0.000000,0.569069,0.000000,-10.456138,0.000071,-0.000069,1.000000;;
            }

            ObjectMatrixComment object {
             1.000000,0.000000,0.000000,0.000000,0.000000,1.000000,0.000000,0.000000,0.000000,0.000000,1.000000,0.000000,-0.000001,0.000004,0.000000,1.000000;;
            }
           }
          }
         }

         Frame Kano2_Brow_all_grp {
          

          FrameTransformMatrix relative {
           0.000000,-1.000000,0.000000,0.000000,-0.102228,-0.000000,0.994761,0.000000,-0.994761,-0.000000,-0.102228,0.000000,-130.187712,0.000000,-12.891630,1.000000;;
          }

          ObjectMatrixComment object {
           1.000000,-0.000000,0.000000,0.000000,0.000000,1.000000,0.000000,0.000000,0.000000,0.000000,1.000000,0.000000,0.000000,-0.000000,-0.000000,1.000000;;
          }

          Frame Kano2_brow_N_L_fcl {
           

           FrameTransformMatrix relative {
            0.984808,-0.173648,0.000000,0.000000,0.173648,0.984808,0.000000,0.000000,0.000000,0.000000,1.000000,0.000000,3.180367,9.905743,-139.702195,1.000000;;
           }

           ObjectMatrixComment object {
            1.000000,0.000000,0.000000,0.000000,0.000000,1.000000,-0.000000,0.000000,0.000000,0.000000,1.000000,0.000000,0.000000,-0.000000,-0.000015,1.000000;;
           }
          }

          Frame Kano2_brow_M_L_fcl {
           

           FrameTransformMatrix relative {
            0.882948,-0.469471,0.000000,0.000000,0.469471,0.882948,0.000000,0.000000,0.000000,0.000000,1.000000,0.000000,5.281174,9.160637,-140.138957,1.000000;;
           }

           ObjectMatrixComment object {
            1.000000,-0.000000,0.000000,0.000000,0.000000,1.000000,-0.000000,0.000000,0.000000,0.000000,1.000000,0.000000,0.000000,-0.000002,0.000015,1.000000;;
           }
          }

          Frame Kano2_brow_F_L_fcl {
           

           FrameTransformMatrix relative {
            0.707107,-0.707107,-0.000000,0.000000,0.707107,0.707107,0.000000,0.000000,0.000000,0.000000,1.000000,0.000000,7.246472,7.804086,-139.735027,1.000000;;
           }

           ObjectMatrixComment object {
            1.000000,0.000000,-0.000000,0.000000,-0.000000,1.000000,0.000000,0.000000,0.000000,-0.000000,1.000000,0.000000,-0.000001,0.000000,0.000015,1.000000;;
           }
          }

          Frame Kano2_brow_N_R_fcl {
           

           FrameTransformMatrix relative {
            0.984808,0.173648,0.000000,0.000000,0.173648,-0.984808,0.000000,0.000000,0.000000,-0.000000,-1.000000,0.000000,-3.180369,9.905746,-139.701990,1.000000;;
           }

           ObjectMatrixComment object {
            1.000000,0.000000,0.000000,0.000000,0.000000,1.000000,0.000000,0.000000,0.000000,0.000000,1.000000,0.000000,0.000000,0.000002,0.000000,1.000000;;
           }
          }

          Frame Kano2_brow_M_R_fcl {
           

           FrameTransformMatrix relative {
            0.882948,0.469471,0.000000,0.000000,0.469471,-0.882948,0.000000,0.000000,0.000000,-0.000000,-1.000000,0.000000,-5.281172,9.160632,-140.139059,1.000000;;
           }

           ObjectMatrixComment object {
            1.000000,0.000000,-0.000000,0.000000,0.000000,1.000000,0.000000,0.000000,0.000000,0.000000,1.000000,0.000000,-0.000000,-0.000001,-0.000015,1.000000;;
           }
          }

          Frame Kano2_brow_F_R_fcl {
           

           FrameTransformMatrix relative {
            0.707107,0.707107,0.000000,0.000000,0.707107,-0.707107,0.000000,0.000000,0.000000,-0.000000,-1.000000,0.000000,-7.246472,7.804083,-139.735027,1.000000;;
           }

           ObjectMatrixComment object {
            1.000000,0.000000,0.000000,0.000000,-0.000000,1.000000,0.000000,0.000000,0.000000,0.000000,1.000000,0.000000,0.000002,0.000000,0.000000,1.000000;;
           }
          }
         }

         Frame Kano2_TeethTop_tj {
          

          FrameTransformMatrix relative {
           0.000000,-0.808380,-0.000000,0.000000,-0.102228,-0.000000,0.994761,0.000000,-0.994761,-0.000000,-0.102228,0.000000,-2.309265,-0.000001,8.595407,1.000000;;
          }

          ObjectMatrixComment object {
           0.018647,0.000031,-0.000077,0.000000,0.000091,0.002058,0.022975,0.000000,0.000047,-0.022975,0.002058,0.000000,-0.097385,2.997157,-0.133317,1.000000;;
          }
         }
        }
       }
      }

      Frame Kano2_Shoulder_L_bind {
       

       FrameTransformMatrix relative {
        0.000000,1.000000,-0.000000,0.000000,-0.336646,0.000000,-0.941631,0.000000,-0.941631,0.000000,0.336646,0.000000,14.339638,1.809316,1.404862,1.000000;;
       }

       ObjectMatrixComment object {
        1.000000,-0.000000,0.000000,0.000000,0.000000,1.000000,0.000000,0.000000,0.000000,0.000000,1.000000,0.000000,0.000000,0.000000,0.000015,1.000000;;
       }

       Frame Kano2_UpperArm_L_bind {
        

        FrameTransformMatrix relative {
         0.256377,0.125861,0.958348,0.000000,0.000815,0.991458,-0.130427,0.000000,-0.966577,0.034220,0.254084,0.000000,8.214306,0.000001,0.000023,1.000000;;
        }

        ObjectMatrixComment object {
         1.000000,0.000000,0.000000,0.000000,0.000000,1.000000,-0.000000,0.000000,-0.000000,0.000000,1.000000,0.000000,0.000000,-0.000001,-0.000004,1.000000;;
        }

        Frame Kano2_ForeArm_L_bind {
         

         FrameTransformMatrix relative {
          0.937073,0.294470,0.187566,0.000000,-0.250373,0.941209,-0.226802,0.000000,-0.243325,0.165569,0.955709,0.000000,17.771226,0.000000,0.000000,1.000000;;
         }

         ObjectMatrixComment object {
          1.000000,-0.000000,0.000000,0.000000,0.000000,1.000000,0.000000,0.000000,0.000000,0.000000,1.000000,0.000000,0.000000,0.000008,0.000000,1.000000;;
         }

         Frame Kano2_Hand_L_bind {
          

          FrameTransformMatrix relative {
           1.000000,-0.000000,0.000000,0.000000,0.000000,1.000000,0.000000,0.000000,0.000000,0.000000,1.000000,0.000000,17.798752,0.000004,-0.000001,1.000000;;
          }

          ObjectMatrixComment object {
           1.000000,-0.000000,0.000000,0.000000,0.000000,1.000000,0.000000,0.000000,0.000000,0.000000,1.000000,0.000000,-0.000008,0.000008,0.000001,1.000000;;
          }

          Frame Kano2_MiddleA_L_bind {
           

           FrameTransformMatrix relative {
            1.000000,-0.000000,0.000000,0.000000,0.000000,1.000000,0.000000,0.000000,0.000000,0.000000,1.000000,0.000000,8.425774,0.531303,-1.081999,1.000000;;
           }

           ObjectMatrixComment object {
            1.000000,-0.000000,0.000000,0.000000,0.000000,1.000000,0.000000,0.000000,0.000000,0.000000,1.000000,0.000000,0.000008,0.000000,0.000000,1.000000;;
           }

           Frame Kano2_MiddleB_L_bind {
            

            FrameTransformMatrix relative {
             1.000000,-0.000000,0.000000,0.000000,0.000000,1.000000,0.000000,0.000000,0.000000,0.000000,1.000000,0.000000,4.287903,0.000000,0.000000,1.000000;;
            }

            ObjectMatrixComment object {
             1.000000,-0.000000,0.000000,0.000000,0.000000,1.000000,0.000000,0.000000,0.000000,0.000000,1.000000,0.000000,0.000004,0.000000,0.000000,1.000000;;
            }

            Frame Kano2_MiddleC_L_bind {
             

             FrameTransformMatrix relative {
              1.000000,-0.000000,0.000000,0.000000,0.000000,1.000000,0.000000,0.000000,0.000000,0.000000,1.000000,0.000000,2.191887,0.000000,0.000000,1.000000;;
             }

             ObjectMatrixComment object {
              1.000000,-0.000000,0.000000,0.000000,0.000000,1.000000,0.000000,0.000000,0.000000,0.000000,1.000000,0.000000,0.000004,0.000008,0.000000,1.000000;;
             }

             Frame Kano2_MiddleD_L_end {
              

              FrameTransformMatrix relative {
               1.000000,-0.000000,0.000000,0.000000,0.000000,1.000000,0.000000,0.000000,0.000000,0.000000,1.000000,0.000000,1.793251,0.000008,0.000000,1.000000;;
              }

              ObjectMatrixComment object {
               1.000000,-0.000000,0.000000,0.000000,0.000000,1.000000,0.000000,0.000000,0.000000,0.000000,1.000000,0.000000,0.000004,0.000000,0.000003,1.000000;;
              }
             }
            }
           }
          }

          Frame Kano2_IndexA_L_bind {
           

           FrameTransformMatrix relative {
            1.000000,-0.000000,0.000000,0.000000,0.000000,1.000000,0.000000,0.000000,0.000000,0.000000,1.000000,0.000000,8.313499,2.165813,-1.140922,1.000000;;
           }

           ObjectMatrixComment object {
            1.000000,-0.000000,0.000000,0.000000,0.000000,1.000000,0.000000,0.000000,0.000000,0.000000,1.000000,0.000000,0.000008,0.000000,0.000000,1.000000;;
           }

           Frame Kano2_IndexB_L_bind {
            

            FrameTransformMatrix relative {
             1.000000,-0.000000,0.000000,0.000000,0.000000,1.000000,0.000000,0.000000,0.000000,0.000000,1.000000,0.000000,3.970081,0.000004,-0.000010,1.000000;;
            }

            ObjectMatrixComment object {
             1.000000,-0.000000,0.000000,0.000000,0.000000,1.000000,0.000000,0.000000,0.000000,0.000000,1.000000,0.000000,0.000008,0.000000,0.000000,1.000000;;
            }

            Frame Kano2_IndexC_L_bind {
             

             FrameTransformMatrix relative {
              1.000000,-0.000000,0.000000,0.000000,0.000000,1.000000,0.000000,0.000000,0.000000,0.000000,1.000000,0.000000,2.052837,0.000000,0.000001,1.000000;;
             }

             ObjectMatrixComment object {
              1.000000,-0.000000,0.000000,0.000000,0.000000,1.000000,0.000000,0.000000,0.000000,0.000000,1.000000,0.000000,0.000000,0.000000,0.000001,1.000000;;
             }

             Frame Kano2_IndexD_L_end {
              

              FrameTransformMatrix relative {
               1.000000,-0.000000,0.000000,0.000000,0.000000,1.000000,0.000000,0.000000,0.000000,0.000000,1.000000,0.000000,1.617741,0.000000,-0.000001,1.000000;;
              }

              ObjectMatrixComment object {
               1.000000,-0.000000,0.000000,0.000000,0.000000,1.000000,0.000000,0.000000,0.000000,0.000000,1.000000,0.000000,0.000008,0.000000,-0.000001,1.000000;;
              }
             }
            }
           }
          }

          Frame Kano2_Curl_L_bind {
           

           FrameTransformMatrix relative {
            1.000000,-0.000000,0.000000,0.000000,0.000000,1.000000,0.000000,0.000000,0.000000,0.000000,1.000000,0.000000,3.551972,-1.272247,-1.011519,1.000000;;
           }

           ObjectMatrixComment object {
            1.000000,-0.000000,0.000000,0.000000,0.000000,1.000000,0.000000,0.000000,0.000000,0.000000,1.000000,0.000000,0.000008,0.000008,0.000000,1.000000;;
           }

           Frame Kano2_PinkyA_L_bind {
            

            FrameTransformMatrix relative {
             1.000000,-0.000000,0.000000,0.000000,0.000000,1.000000,0.000000,0.000000,0.000000,0.000000,1.000000,0.000000,4.545639,-1.341744,-0.172529,1.000000;;
            }

            ObjectMatrixComment object {
             1.000000,-0.000000,0.000000,0.000000,0.000000,1.000000,0.000000,0.000000,0.000000,0.000000,1.000000,0.000000,0.000008,0.000008,0.000002,1.000000;;
            }

            Frame Kano2_PinkyB_L_bind {
             

             FrameTransformMatrix relative {
              1.000000,-0.000000,0.000000,0.000000,0.000000,1.000000,0.000000,0.000000,0.000000,0.000000,1.000000,0.000000,3.061165,0.000000,0.000001,1.000000;;
             }

             ObjectMatrixComment object {
              1.000000,-0.000000,0.000000,0.000000,0.000000,1.000000,0.000000,0.000000,0.000000,0.000000,1.000000,0.000000,0.000000,0.000000,0.000001,1.000000;;
             }

             Frame Kano2_PinkyC_L_bind {
              

              FrameTransformMatrix relative {
               1.000000,-0.000000,0.000000,0.000000,0.000000,1.000000,0.000000,0.000000,0.000000,0.000000,1.000000,0.000000,1.481758,0.000000,0.000001,1.000000;;
              }

              ObjectMatrixComment object {
               1.000000,-0.000000,0.000000,0.000000,0.000000,1.000000,0.000000,0.000000,0.000000,0.000000,1.000000,0.000000,0.000000,0.000000,0.000001,1.000000;;
              }

              Frame Kano2_PinkyD_L_end {
               

               FrameTransformMatrix relative {
                1.000000,-0.000000,0.000000,0.000000,0.000000,1.000000,0.000000,0.000000,0.000000,0.000000,1.000000,0.000000,1.399433,0.000004,0.000006,1.000000;;
               }

               ObjectMatrixComment object {
                1.000000,-0.000000,0.000000,0.000000,0.000000,1.000000,0.000000,0.000000,0.000000,0.000000,1.000000,0.000000,0.000004,0.000000,0.000002,1.000000;;
               }
              }
             }
            }
           }

           Frame Kano2_RingA_L_bind {
            

            FrameTransformMatrix relative {
             1.000000,-0.000000,0.000000,0.000000,0.000000,1.000000,0.000000,0.000000,0.000000,0.000000,1.000000,0.000000,4.709946,0.214462,-0.104400,1.000000;;
            }

            ObjectMatrixComment object {
             1.000000,-0.000000,0.000000,0.000000,0.000000,1.000000,0.000000,0.000000,0.000000,0.000000,1.000000,0.000000,0.000000,0.000000,0.000000,1.000000;;
            }

            Frame Kano2_RingB_L_bind {
             

             FrameTransformMatrix relative {
              1.000000,-0.000000,0.000000,0.000000,0.000000,1.000000,0.000000,0.000000,0.000000,0.000000,1.000000,0.000000,3.915668,0.000000,-0.000001,1.000000;;
             }

             ObjectMatrixComment object {
              1.000000,-0.000000,0.000000,0.000000,0.000000,1.000000,0.000000,0.000000,0.000000,0.000000,1.000000,0.000000,0.000000,0.000000,-0.000001,1.000000;;
             }

             Frame Kano2_RingC_L_bind {
              

              FrameTransformMatrix relative {
               1.000000,-0.000000,0.000000,0.000000,0.000000,1.000000,0.000000,0.000000,0.000000,0.000000,1.000000,0.000000,2.066387,0.000000,-0.000001,1.000000;;
              }

              ObjectMatrixComment object {
               1.000000,-0.000000,0.000000,0.000000,0.000000,1.000000,0.000000,0.000000,0.000000,0.000000,1.000000,0.000000,0.000004,-0.000004,-0.000001,1.000000;;
              }

              Frame Kano2_RingD_L_end {
               

               FrameTransformMatrix relative {
                1.000000,-0.000000,0.000000,0.000000,0.000000,1.000000,0.000000,0.000000,0.000000,0.000000,1.000000,0.000000,1.644409,0.000000,0.000008,1.000000;;
               }

               ObjectMatrixComment object {
                1.000000,-0.000000,0.000000,0.000000,0.000000,1.000000,0.000000,0.000000,0.000000,0.000000,1.000000,0.000000,0.000004,0.000000,0.000001,1.000000;;
               }
              }
             }
            }
           }
          }

          Frame Kano2_ThumbA_L_bind {
           

           FrameTransformMatrix relative {
            0.856189,0.451604,0.250987,0.000000,-0.479002,0.511756,0.713206,0.000000,0.193642,-0.730863,0.654479,0.000000,3.999062,2.759041,1.113899,1.000000;;
           }

           ObjectMatrixComment object {
            1.000000,0.000000,-0.000000,0.000000,0.000000,1.000000,-0.000000,0.000000,-0.000000,0.000000,1.000000,0.000000,0.000004,0.000000,0.000004,1.000000;;
           }

           Frame Kano2_ThumbB_L_bind {
            

            FrameTransformMatrix relative {
             0.998790,-0.033267,-0.036209,0.000000,0.048807,0.760214,0.647837,0.000000,0.005975,-0.648821,0.760918,0.000000,2.654339,0.000015,-0.000008,1.000000;;
            }

            ObjectMatrixComment object {
             1.000000,0.000000,0.000000,0.000000,-0.000000,1.000000,0.000000,0.000000,0.000000,0.000000,1.000000,0.000000,0.000000,0.000000,0.000000,1.000000;;
            }

            Frame Kano2_ThumbC_L_bind {
             

             FrameTransformMatrix relative {
              0.986828,0.017059,0.160870,0.000000,-0.011712,0.999349,-0.034131,0.000000,-0.161348,0.031797,0.986385,0.000000,2.436863,0.000002,-0.000008,1.000000;;
             }

             ObjectMatrixComment object {
              1.000000,0.000000,0.000000,0.000000,0.000000,1.000000,0.000000,0.000000,0.000000,0.000000,1.000000,0.000000,-0.000004,-0.000000,-0.000008,1.000000;;
             }

             Frame Kano2_ThumbD_L_end {
              

              FrameTransformMatrix relative {
               1.000000,0.000000,0.000000,0.000000,0.000000,1.000000,0.000000,0.000000,0.000000,0.000000,1.000000,0.000000,2.282936,0.000008,-0.000023,1.000000;;
              }

              ObjectMatrixComment object {
               1.000000,0.000000,0.000000,0.000000,0.000000,1.000000,0.000000,0.000000,0.000000,0.000000,1.000000,0.000000,0.000004,0.000000,-0.000008,1.000000;;
              }
             }
            }
           }
          }
         }

         Frame Kano2_ElbowA_L_bind {
          

          FrameTransformMatrix relative {
           1.000000,-0.000000,0.000000,0.000000,0.000000,1.000000,0.000000,0.000000,0.000000,0.000000,1.000000,0.000000,-1.882248,-1.972565,0.000000,1.000000;;
          }

          ObjectMatrixComment object {
           1.000000,-0.000000,0.000000,0.000000,0.000000,1.000000,0.000000,0.000000,0.000000,0.000000,1.000000,0.000000,0.000000,0.000004,0.000001,1.000000;;
          }

          Frame Kano2_ElbowB_L_end {
           

           FrameTransformMatrix relative {
            1.000000,-0.000000,0.000000,0.000000,0.000000,1.000000,0.000000,0.000000,0.000000,0.000000,1.000000,0.000000,4.151085,-0.000004,0.000000,1.000000;;
           }

           ObjectMatrixComment object {
            1.000000,-0.000000,0.000000,0.000000,0.000000,1.000000,0.000000,0.000000,0.000000,0.000000,1.000000,0.000000,0.000008,0.000000,0.000000,1.000000;;
           }
          }
         }

         Frame Kano2_ForeArmTwistA_L_bind {
          

          FrameTransformMatrix relative {
           1.000000,-0.000000,0.000000,0.000000,0.000000,1.000000,0.000000,0.000000,0.000000,0.000000,1.000000,0.000000,6.999970,0.000004,-0.000008,1.000000;;
          }

          ObjectMatrixComment object {
           1.000000,-0.000000,0.000000,0.000000,0.000000,1.000000,0.000000,0.000000,0.000000,0.000000,1.000000,0.000000,0.000000,-0.000004,0.000002,1.000000;;
          }
         }

         Frame Kano2_ForeArmTwistB_L_bind {
          

          FrameTransformMatrix relative {
           1.000000,-0.000000,0.000000,0.000000,0.000000,1.000000,0.000000,0.000000,0.000000,0.000000,1.000000,0.000000,14.000008,0.000000,0.000001,1.000000;;
          }

          ObjectMatrixComment object {
           1.000000,-0.000000,0.000000,0.000000,0.000000,1.000000,0.000000,0.000000,0.000000,0.000000,1.000000,0.000000,0.000008,0.000004,0.000000,1.000000;;
          }
         }
        }

        Frame Kano2_UpperArmTwist_L_bind {
         

         FrameTransformMatrix relative {
          1.000000,0.000000,0.000000,0.000000,0.000000,1.000000,-0.000000,0.000000,-0.000000,0.000000,1.000000,0.000000,6.000008,0.000000,-0.000004,1.000000;;
         }

         ObjectMatrixComment object {
          1.000000,0.000000,0.000000,0.000000,0.000000,1.000000,-0.000000,0.000000,-0.000000,0.000000,1.000000,0.000000,-0.000008,-0.000002,-0.000008,1.000000;;
         }
        }
       }
      }

      Frame Kano2_RibbonBase_bind {
       

       FrameTransformMatrix relative {
        0.000000,1.000000,-0.000000,0.000000,-0.336646,0.000000,-0.941631,0.000000,-0.941631,0.000000,0.336646,0.000000,-0.186096,0.000004,-6.046127,1.000000;;
       }

       ObjectMatrixComment object {
        1.000000,-0.000000,0.000000,0.000000,0.000000,1.000000,0.000000,0.000000,0.000000,0.000000,1.000000,0.000000,0.000000,0.000001,0.000008,1.000000;;
       }

       Frame Kano2_RibbonBottomA_L_bind {
        

        FrameTransformMatrix relative {
